month,year,total_sales,running_total
1,2023,35450,35450
2,2023,44060,79510
3,2023,28990,108500
4,2023,33870,142370
5,2023,53150,195520
6,2023,36715,232235
7,2023,35465,267700
8,2023,36960,304660
9,2023,23620,328280
10,2023,46580,374860
11,2023,34920,409780
12,2023,44690,454470
1,2024,1530,1530
